"ARAD RO": {
 label: "ARAD RO",
 data: [[1900,566.0], [1901,561.0], [1902,529.0], [1903,654.0], [1904,584.0], [1905,625.0], [1906,555.0], [1907,372.0], [1908,630.0], [1909,664.0], [1924,608.0], [1925,723.0], [1926,368.0], [1927,511.0], [1928,270.0], [1929,506.0], [1930,497.0], [1931,644.0], [1932,518.0], [1933,562.0], [1934,413.0], [1935,549.0], [1936,570.0], [1937,518.0], [1938,504.0], [1939,557.0], [1940,679.0], [1941,793.0], [1942,562.0], [1943,544.0], [1944,539.0], [1945,505.0], [1946,375.0], [1947,375.0], [1948,462.0], [1949,540.0], [1950,514.0], [1951,512.0], [1952,579.0], [1953,492.0], [1954,610.0], [1955,685.0], [1956,603.0], [1957,591.0], [1958,529.0], [1959,548.0], [1960,620.0], [1961,394.0], [1962,481.0], [1963,613.0], [1964,589.0], [1965,659.0], [1966,695.0], [1967,486.0], [1968,550.0], [1969,639.0], [1970,813.0], [1971,515.0], [1972,592.0], [1973,482.0], [1974,754.0], [1975,468.0], [1976,517.0], [1977,637.0], [1978,580.0], [1979,614.0], [1980,559.0], [1981,703.0], [1982,629.0], [1983,395.0], [1984,504.0], [1985,517.0], [1986,545.0], [1987,581.0], [1988,589.0], [1989,533.0], [1990,463.0], [1991,699.0], [1992,446.0], [1993,477.0], [1994,490.0], [1995,645.0], [1996,788.0], [1997,578.0], [1998,681.0], [1999,807.0], [2000,249.0], [2006,592.0], [2007,690.0], [2008,560.0], [2009,592.0]]},
"DEVA RO": {
 label: "DEVA RO",
 data: [[1961,418.0], [1962,384.0], [1963,475.0], [1964,625.0], [1965,507.0], [1966,710.0], [1967,556.0], [1968,625.0], [1969,503.0], [1970,719.0], [1971,444.0], [1972,651.0], [1973,679.0], [1974,714.0], [1975,577.0], [1976,549.0], [1977,599.0], [1978,611.0], [1979,677.0], [1980,718.0], [1981,680.0], [1982,490.0], [1983,417.0], [1984,558.0], [1985,588.0], [1986,464.0], [1987,480.0], [1988,512.0], [1989,494.0], [1990,511.0], [1991,598.0], [1992,426.0], [1993,487.0], [1994,461.0], [1995,632.0], [1996,644.0], [1997,646.0], [1998,615.0], [1999,609.0], [2000,413.0], [2001,746.0], [2002,490.0], [2003,415.0], [2004,752.0], [2005,752.0], [2006,671.0], [2007,655.0], [2008,581.0], [2009,585.0]]},
"PLAY UP": {
 label: "PLAY UP",
 data: [[1968,1924.1993865030677], [1969,1289.1318681318683], [1970,1649.9819944598337], [1971,1572.7265193370165], [1972,1414.5755494505495], [1973,1528.3873626373627], [1974,2366.231301939058], [1975,1769.778597785978], [1976,1603.6065573770493], [1977,1983.0], [1978,1914.8092105263156], [1979,1770.0], [1980,2239.0], [1981,1851.7739520958085], [1982,1671.0], [1983,1518.4], [1984,1575.0], [1985,1636.0], [1986,1328.0], [1987,1360.0], [1988,1431.0], [1989,1246.4640718562875], [1990,1352.0], [2000,2680.722222222222], [2001,3602.6276595744685], [2002,3726.452702702703], [2003,2225.5394736842104], [2004,2144.5471698113206], [2005,2044.6347826086956], [2006,2130.489130434783], [2007,2137.7549019607845], [2008,2997.4611111111108], [2009,1574.302631578947]]},
"WIEN AU": {
 label: "WIEN AU",
 data: [[1981,565.0], [1901,505.0], [1902,692.0], [1903,857.0], [1904,652.0], [1905,642.0], [1906,720.0], [1907,701.0], [1908,484.0], [1909,655.0], [1910,889.0], [1911,699.0], [1912,756.0], [1913,682.0], [1914,602.0], [1915,861.0], [1916,866.0], [1917,570.0], [1918,761.0], [1919,786.0], [1920,788.0], [1921,654.0], [1922,752.0], [1923,668.0], [1924,536.0], [1925,702.0], [1926,705.0], [1927,587.0], [1928,594.0], [1929,531.0], [1930,775.0], [1931,660.0], [1932,406.0], [1933,607.0], [1934,501.0], [1935,602.0], [1936,692.0], [1937,824.0], [1938,734.0], [1939,720.0], [1940,664.0], [1941,988.0], [1942,575.0], [1943,585.0], [1944,903.0], [1945,630.0], [1946,624.0], [1947,566.0], [1948,641.0], [1949,686.0], [1950,797.0], [1951,709.0], [1952,536.0], [1953,497.0], [1954,692.0], [1955,624.0], [1956,619.0], [1957,559.0], [1958,691.0], [1959,796.0], [1960,572.0], [1961,610.0], [1962,543.0], [1963,472.0], [1964,595.0], [1965,874.0], [1966,780.0], [1967,570.0], [1968,504.0], [1969,651.0], [1970,706.0], [1971,530.0], [1972,635.0], [1973,619.0], [1974,589.0], [1975,659.0], [1976,622.0], [1977,579.0], [1978,449.0], [1979,747.0], [1980,622.0], [1982,472.0], [1983,507.0], [1984,588.0], [1985,647.0], [1986,545.0], [1987,730.0], [1988,604.0], [1989,634.0], [1990,569.0], [1991,636.0], [1992,601.0], [1993,643.0], [1994,618.0], [1995,778.0], [1996,718.0], [1997,759.0], [1998,689.0], [1999,704.0], [2000,537.0], [2001,476.0495283018868], [2002,1407.2393364928912], [2003,828.0126903553299], [2004,1055.9608695652173], [2005,595.0], [2006,693.0], [2007,863.0], [2008,669.0], [2009,899.0], [2010,836.0]]},
"KHUST UP": {
 label: "KHUST UP",
 data: [[1947,1004.5254957507083], [1948,950.9323529411765], [1949,897.0536231884058], [1950,955.9574780058651], [1951,909.1532951289398], [1952,1247.8693820224719], [1953,772.1464088397789], [1954,896.0292479108637], [1955,1373.9208333333333], [1956,999.977653631285], [1957,0.0], [1958,497.12999999999994], [1959,828.7042253521128], [1960,991.5664819944599], [1961,631.8275862068965], [1962,958.1504178272982], [1963,876.9385714285714], [1946,534.1634615384615], [1964,1001.2152777777778], [1965,1221.9831932773109], [1966,1381.756906077348], [1967,1118.7865168539324], [1968,1244.9107142857142], [1969,949.8021978021978], [1970,1375.3681318681317], [1971,904.1312154696133], [1972,881.0137362637364], [1973,883.4635854341736], [1974,1334.9574175824175], [1975,1206.2109375], [1976,872.1482412060301], [1977,1241.512640449438], [1978,1277.282738095238], [1979,1354.0], [1980,1306.0], [1981,1281.0], [1982,1149.0], [1983,824.355223880597], [1984,1012.0], [1985,1239.0], [1986,1009.0], [1987,910.0], [1988,1116.0], [1989,892.2829341317366], [1990,841.0], [2000,2315.1428571428573], [2001,2815.3207547169814], [2002,2511.0000000000005], [2003,2414.8961538461535], [2004,1847.7735042735042], [2005,1998.3749999999998], [2006,2367.4901960784314], [2007,1641.077922077922], [2008,2359.5846153846155], [2009,1602.578125]]},
"SIBIU RO": {
 label: "SIBIU RO",
 data: [[1961,545.0], [1962,662.0], [1963,432.0], [1964,691.0], [1965,565.0], [1966,756.0], [1967,596.0], [1968,622.0], [1969,737.0], [1970,817.0], [1971,531.0], [1972,750.0], [1973,609.0], [1974,698.0], [1975,760.0], [1976,593.0], [1977,620.0], [1978,656.0], [1979,667.0], [1980,847.0], [1981,745.0], [1982,640.0], [1983,493.0], [1984,670.0], [1985,632.0], [1986,360.0], [1987,437.0], [1988,608.0], [1989,547.0], [1990,521.0], [1991,776.0], [1992,518.0], [1993,639.0], [1994,536.0], [1995,705.0], [1996,475.0], [1997,708.0], [1998,875.0], [1999,690.0], [2000,394.0], [2001,728.0], [2002,570.0], [2003,501.0], [2004,693.0], [2005,863.0], [2006,728.0], [2007,777.0], [2008,707.0], [2009,643.0]]},
"STPIY UP": {
 label: "STPIY UP",
 data: [[1978,913.3404605263157], [1960,764.8687150837989], [1962,816.3093922651934], [1963,524.5225903614457], [1964,700.0902777777778], [1965,821.0460893854749], [1966,998.0], [1967,641.9705882352941], [1968,785.0], [1969,810.9875346260388], [1970,950.7380952380953], [1971,716.085635359116], [1972,713.867403314917], [1973,669.870523415978], [1974,869.3453038674032], [1975,855.0091575091574], [1976,375.77049180327873], [1977,794.0], [1979,752.0], [1980,1026.0], [1981,857.4221556886228], [1982,519.0], [1983,661.1402985074627], [1984,727.0], [1985,754.0], [1986,564.0], [1987,693.0], [1988,803.0], [1989,826.0], [1990,637.0], [2000,1060.0869565217392], [2001,1630.4481132075473], [2002,1542.2171717171718], [2003,1201.6923076923076], [2004,743.7198581560284], [2005,1124.1330275229357], [2006,1457.6451612903227], [2007,1088.9166666666667], [2008,1860.1481481481483], [2009,1051.7763157894735]]},
"TURKA UP": {
 label: "TURKA UP",
 data: [[1945,453.70348837209303], [1946,607.929003021148], [1947,747.2841225626742], [1948,868.9727011494252], [1949,835.152354570637], [1950,678.4887323943661], [1951,686.0971830985916], [1952,858.1038781163435], [1953,826.5516759776536], [1954,720.722067039106], [1955,980.0851648351647], [1956,765.0], [1957,664.6208791208791], [1958,961.9418282548477], [1959,581.0], [1960,748.0], [1961,554.0], [1962,920.0], [1963,572.0], [1964,785.2541436464089], [1965,1020.2570224719101], [1966,988.8279411764705], [1967,860.1763005780347], [1968,1018.264619883041], [1969,985.8041666666666], [1970,1202.4945054945053], [1971,942.3453038674033], [1972,800.9945054945056], [1973,879.1343490304708], [1974,1151.4182825484766], [1975,1073.033434650456], [1976,769.6413934426229], [1977,898.0], [1978,970.7492625368732], [1979,991.0], [1980,1246.0], [1981,1041.0], [1982,861.0], [1983,859.002985074627], [1984,797.0], [1985,1090.0], [1986,662.0], [1987,901.0], [1988,976.0], [1989,1084.0], [1990,839.0], [2000,1876.2791411042945], [2001,2242.1428571428573], [2002,2056.287128712871], [2003,1743.0213903743315], [2004,1168.7657342657342], [2005,1270.3196721311476], [2006,1718.7932330827068], [2007,1251.5444444444447], [2008,2076.808988764045], [2009,1192.6621621621623], [2012,912.5]]},
"DOLINA UP": {
 label: "DOLINA UP",
 data: [[1959,674.5282485875706], [1960,924.1186186186186], [1961,531.7707182320441], [1962,805.7114285714285], [1963,645.0978260869566], [1964,895.7017045454546], [1965,972.0688202247192], [1966,916.2409972299168], [1967,795.2361878453039], [1968,1143.131868131868], [1969,950.0], [1970,1074.8342541436464], [1971,829.7465564738291], [1972,745.0], [1973,945.9917582417581], [1974,974.4088397790055], [1975,965.3342541436465], [1976,284.8196721311475], [1977,965.0], [1978,1097.0411184210525], [1979,785.0], [1980,1266.0], [1981,919.0], [1982,741.0], [1983,774.2358208955225], [1984,796.0], [1985,885.0], [1986,725.0], [1987,823.0], [1988,943.0], [1989,883.2125748502996], [1990,646.0], [2000,1202.7966666666666], [2001,2293.667525773196], [2002,2254.8411764705884], [2003,1128.8357664233577], [2004,973.4715909090909], [2005,1285.7559523809523], [2006,2080.8067226890757], [2007,1397.9080459770116], [2008,2517.1964285714284], [2009,1244.9459459459458]]},
"KOSICE LO": {
 label: "KOSICE LO",
 data: [[1997,615.0], [1951,680.0261707988981], [1952,674.0], [1953,483.0], [1954,554.0], [1955,680.0], [1956,475.0], [1957,627.0], [1958,743.0], [1959,541.0], [1960,737.0], [1961,431.0], [1962,500.0], [1963,618.0], [1964,545.0], [1965,823.0], [1966,728.0], [1967,472.0], [1968,564.0], [1969,613.0], [1970,850.0], [1971,545.0], [1972,549.0], [1973,501.0], [1974,806.0], [1975,732.0], [1976,671.0], [1977,538.0], [1978,677.0], [1979,647.0], [1980,736.0], [1981,560.0], [1982,608.0], [1983,535.0], [1984,735.0], [1985,765.0], [1986,418.0], [1987,569.0], [1988,627.0], [1989,611.0], [1990,571.0], [1991,554.0], [1992,546.0], [1993,427.0], [1994,560.0], [1995,601.0], [1996,638.0], [1998,643.0], [1999,674.0], [2000,530.0], [2001,566.0], [2002,648.0], [2003,491.0], [2004,645.0], [2005,701.0], [2006,650.0], [2007,630.0], [2008,645.0], [2009,613.0]]},
"OSIJEK HR": {
 label: "OSIJEK HR",
 data: [[1900,783.0], [1901,652.0], [1902,746.0], [1903,677.0], [1904,608.0], [1905,882.0], [1906,1117.0], [1907,602.0], [1908,676.0], [1909,715.0], [1910,944.0], [1911,797.0], [1912,961.0], [1913,653.0], [1914,809.0], [1915,831.0], [1898,0.0], [1916,584.0], [1917,562.0], [1918,634.0], [1919,843.0], [1920,579.0], [1921,466.0], [1922,745.0], [1923,655.0], [1899,676.0], [1924,521.0], [1925,803.0], [1926,617.0], [1927,641.0], [1928,507.0], [1929,684.0], [1930,623.0], [1931,798.0], [1932,811.0], [1933,755.0], [1934,750.0], [1935,563.0], [1936,775.0], [1937,1024.0], [1938,668.0], [1939,719.0], [1940,910.0], [1941,814.0], [1942,598.0], [1943,675.0], [1944,817.0], [1945,527.0], [1946,602.0], [1947,493.0], [1948,620.0], [1949,488.0], [1950,688.0], [1951,647.0], [1952,652.0], [1953,519.0], [1954,710.0], [1955,1054.0], [1956,699.0], [1957,595.0], [1958,601.0], [1959,746.0], [1960,829.0], [1961,542.0], [1962,636.0], [1963,748.0], [1964,810.0], [1965,771.0], [1966,658.0], [1967,651.0], [1968,596.0], [1969,780.0], [1970,707.0], [1971,517.0], [1972,884.0], [1973,612.0], [1974,747.0], [1975,583.0], [1976,668.0], [1977,660.0], [1978,543.0], [1979,576.0], [1980,743.0], [1981,817.0], [1982,579.0], [1983,466.0], [1984,625.0], [1985,622.0], [1986,531.0], [1987,718.0], [1988,564.0], [1989,603.0], [1990,541.0], [1991,715.0], [1992,656.0], [1993,654.0], [1994,643.0], [1995,815.0], [1996,863.0], [1997,707.0], [1998,684.0], [1999,873.0], [2000,317.0], [2001,947.0947802197802], [2002,1861.4999999999998], [2003,513.0], [2004,859.0], [2005,974.0], [2006,631.0], [2007,631.0], [2008,619.0]]},
"RAKHOV UP": {
 label: "RAKHOV UP",
 data: [[1984,1117.0], [1959,1052.1358974358975], [1960,1197.552556818182], [1961,753.4642857142857], [1962,1212.9696132596684], [1963,844.3460451977402], [1964,1186.351388888889], [1965,1117.9662921348315], [1966,1272.0], [1967,1154.1620879120878], [1968,1219.9225352112676], [1969,1161.8646723646723], [1970,1697.4025069637885], [1971,1055.8417366946778], [1972,1099.9295977011493], [1973,1232.9373134328357], [1974,1386.579250720461], [1975,1037.9969135802469], [1976,696.8850806451613], [1977,1499.892957746479], [1978,1475.6278735632186], [1979,1325.0], [1980,1433.0], [1981,1361.0], [1982,1172.0], [1983,883.4089552238806], [1985,1438.0], [1986,1131.0], [1987,1075.0], [1988,1189.0], [1989,1035.5508982035929], [1990,1057.0], [2000,2309.0], [2001,2852.630319148936], [2002,2756.3516483516482], [2003,2079.255681818182], [2004,2048.345238095238], [2005,1599.0476190476193], [2006,2196.2827868852455], [2007,2374.8804347826085], [2008,2741.8223684210525], [2009,1933.359375]]},
"SAMBOR UP": {
 label: "SAMBOR UP",
 data: [[1960,755.0], [1961,471.77762430939225], [1962,791.7770083102494], [1963,556.8589743589744], [1964,843.3527777777776], [1965,888.4385474860336], [1966,1090.8887362637363], [1967,783.3461538461538], [1968,895.2582872928176], [1969,753.7300275482095], [1970,824.8195592286502], [1971,659.773556231003], [1972,647.0], [1973,712.6624999999999], [1974,733.932320441989], [1975,810.0296296296298], [1976,433.21311475409834], [1977,643.0], [1978,903.2549342105264], [1979,742.0], [1980,943.0], [1981,823.0], [1982,595.0], [1983,575.9373134328358], [1984,670.0], [1985,773.0], [1986,535.0], [1987,706.0], [1988,857.75], [1959,545.2316384180791]]},
"TG JIU RO": {
 label: "TG JIU RO",
 data: [[1947,656.0], [1918,501.0], [1919,1054.0], [1920,703.0], [1921,729.0], [1922,901.0], [1923,699.0], [1924,810.0], [1925,767.0], [1926,609.0], [1927,667.0], [1928,496.0], [1929,503.0], [1930,791.0], [1931,508.0], [1932,462.0], [1933,540.0], [1934,533.0], [1935,686.0], [1936,810.0], [1937,867.0], [1938,630.0], [1939,1093.0], [1940,1062.0], [1941,1158.0], [1942,799.0], [1943,598.0], [1944,1182.0], [1945,584.0], [1946,749.0], [1948,502.0], [1949,627.0], [1950,582.0], [1951,704.0], [1952,775.0], [1953,775.0], [1954,964.0], [1955,820.0], [1956,743.0], [1957,939.0], [1958,646.0], [1959,773.0], [1960,912.0], [1961,719.0], [1962,623.0], [1963,781.0], [1964,775.0], [1965,680.0], [1966,994.0], [1967,664.0], [1968,907.0], [1969,1087.0], [1970,901.0], [1971,662.0], [1972,1027.0], [1973,582.0], [1974,954.0], [1975,913.0], [1976,997.0], [1977,728.0], [1978,711.0], [1979,1019.0], [1980,844.0], [1981,902.0], [1982,809.0], [1983,543.0], [1984,882.0], [1985,680.0], [1986,644.0], [1987,666.0], [1988,630.0], [1989,681.0], [1990,575.0], [1991,889.0], [1992,454.0], [1993,548.0], [1994,717.0], [1995,778.0], [1996,720.0], [1997,612.0], [1998,844.0], [1999,980.0], [2000,333.0]]},
"VIENNA AU": {
 label: "VIENNA AU",
 data: [[1949,599.1243093922652], [1950,586.0], [1951,614.0], [1952,511.0], [1953,613.0], [1954,693.0820610687023]]},
"SLAVSKO UP": {
 label: "SLAVSKO UP",
 data: [[1963,812.982905982906], [1946,877.2430340557275], [1947,1103.493710691824], [1948,1386.0580645161292], [1949,1078.9835820895523], [1950,897.2401129943503], [1951,844.388392857143], [1952,1033.6183098591548], [1953,909.8847352024922], [1954,810.4511834319527], [1955,1225.4770114942528], [1956,856.6704225352113], [1957,858.7668621700878], [1958,1101.2290419161677], [1959,820.0333333333333], [1960,942.130617977528], [1961,667.5467422096317], [1962,911.0524079320114], [1964,981.0693641618496], [1965,1035.623955431755], [1966,1094.0], [1967,957.3281690140846], [1968,1066.141873278237], [1969,873.1767955801105], [1970,1130.6978021978023], [1971,977.2320441988949], [1972,838.8933518005539], [1973,836.6762177650429], [1974,1170.5137741046833], [1975,1056.4945054945056], [1976,707.8606557377049], [1977,1047.0], [1978,1070.9868421052631], [1979,889.0], [1980,1419.0], [1981,1080.247005988024], [1982,972.0], [1983,917.9477611940298], [1984,837.9746268656717], [1985,1076.0], [1986,791.0], [1987,837.0], [1988,1038.0], [1989,1020.9071856287425], [1990,839.0], [2000,1904.6363636363635], [2001,2624.3296089385476], [2002,2310.45], [2003,1604.009090909091], [2004,1378.09756097561], [2005,1816.4336734693877], [2006,1783.550847457627], [2007,1660.9810126582279], [2008,2739.5], [2009,1522.4032258064517]]},
"BEREGOVO UP": {
 label: "BEREGOVO UP",
 data: [[1947,596.8890625], [1948,598.3753846153846], [1949,621.8074626865672], [1950,594.2113095238095], [1951,693.6033994334277], [1952,750.7337278106509], [1953,568.8738738738739], [1954,617.5716332378224], [1955,700.6460843373494], [1956,462.22566371681415], [1957,506.7178770949721], [1958,591.156862745098], [1959,531.1959654178675], [1960,802.7814371257484], [1961,484.0647590361446], [1962,566.5337423312883], [1963,531.2897058823529], [1964,612.8381924198251], [1965,814.5807365439093], [1966,890.8133116883117], [1967,707.7224137931034], [1968,703.1580756013745], [1969,533.2220588235294], [1970,725.9610655737705], [1971,591.7578397212544], [1972,497.6079136690647], [1973,446.16783216783216], [1974,921.4692832764504], [1975,602.1062992125985], [1976,713.844262295082], [1977,832.0], [1978,791.2335526315791], [1979,810.0], [1980,852.0], [1981,687.934017595308], [1982,739.0], [1983,552.9477611940299], [1984,717.0], [1946,426.1098484848485], [1985,775.0], [1986,676.0], [1987,613.0], [1988,689.0], [1989,699.1826347305389], [1990,541.0], [2000,1786.433962264151], [2001,1645.411042944785], [2002,2291.608108108108], [2003,1364.5785714285714], [2004,1129.6596638655462], [2005,1568.8363636363638], [2006,1585.8818897637793], [2007,1266.9639175257732], [2008,1532.0641025641023], [2009,987.0531914893617]]},
"BISTRITA RO": {
 label: "BISTRITA RO",
 data: [[1966,2427.25], [1967,2786.695652173913], [1973,1183.642857142857], [1974,855.142857142857], [1975,596.4689440993789], [1976,621.7303370786518], [1977,780.4125560538117], [1978,1286.8448795180723], [1979,803.111963190184], [1980,840.546178343949], [1981,765.2913907284769], [1982,471.0238095238096], [1983,643.1175213675214], [1984,687.2872340425531], [1985,874.18407960199], [1986,576.1542056074767], [1987,377.44700460829495], [1988,781.8915662650603], [1989,450.06611570247935], [1990,100.83657587548639], [1991,381.9297872340425], [1992,91.78902953586497], [1993,190.02412280701753], [1994,723.1188524590165], [1995,397.81932773109247], [1996,271.75390625], [1997,382.12345679012344], [1998,318.43621399176953], [1999,400.9384615384615], [2000,926.1875], [2001,620.5], [2002,714.3571428571429], [2012,1162.3846153846155]]},
"KOLOMYIA UP": {
 label: "KOLOMYIA UP",
 data: [[1980,964.0], [1940,377.74880382775115], [1941,578.8557046979865], [1944,346.33522727272725], [1945,426.51685393258424], [1946,384.73546511627904], [1947,549.9475218658893], [1948,699.5661971830987], [1949,651.8591549295774], [1950,572.3117977528091], [1951,635.8361344537815], [1952,472.6648044692737], [1953,611.1699438202247], [1954,555.5173410404625], [1955,897.2233146067415], [1956,523.3351800554017], [1957,600.9841040462428], [1958,475.6774193548387], [1959,610.8947368421052], [1960,565.1612903225806], [1961,471.8565459610028], [1962,724.4634831460675], [1963,606.4530303030302], [1964,700.901388888889], [1965,716.0952380952382], [1966,727.966573816156], [1967,690.878453038674], [1968,684.0], [1969,844.0123626373626], [1970,811.8241758241759], [1971,660.4281767955802], [1972,690.8928571428571], [1973,577.0619834710744], [1974,798.8887362637363], [1975,867.3408408408409], [1976,673.8711111111112], [1977,687.0], [1978,912.174107142857], [1979,679.0], [1981,693.0], [1982,556.0], [1983,597.9462686567164], [1984,640.0], [1985,704.0], [1986,557.0], [1987,618.0], [1988,744.0], [1989,620.6092814371258], [1990,482.0], [1995,2758.1304347826085], [1996,1113.25], [1997,815.1666666666667], [1998,1228.8333333333333], [2000,1005.4763513513514], [2001,1647.9005102040817], [2002,1857.7371134020618], [2003,1021.5755813953488], [2004,738.342857142857], [2005,924.7803738317757], [2006,1187.3560606060605], [2007,1137.5833333333333], [2008,2046.5764705882355], [2009,732.0857142857143]]},
"MEJGOR E UP": {
 label: "MEJGOR E UP",
 data: [[1963,831.7991329479769], [1964,1049.9485714285713], [1965,1337.5581717451523], [1966,1389.5923295454545], [1967,1168.0], [1968,1363.6025641025642], [1969,1102.6842105263158], [1970,1499.7901408450705], [1971,1214.6453674121406], [1972,1031.8854166666667], [1973,937.6182795698925], [1962,1052.399721448468], [1974,1588.8235294117649], [1975,1106.622905027933], [1976,1019.0081967213115], [1977,1471.8407738095236], [1978,1512.9490131578948], [1979,1246.0], [1980,1639.0], [1981,1267.0], [1982,1197.0], [1983,1067.2164179104477], [1984,1119.0], [1985,1405.0], [1986,1020.0], [1987,1079.0], [1988,1246.0], [1989,988.6691616766467], [1990,971.0], [2000,2035.5], [2001,2479.0564516129034], [2002,2883.929411764706], [2003,2021.2151515151513], [2004,1694.3984375000002], [2005,1692.8108108108106], [2006,1875.6472868217054], [2007,1895.0632183908046], [2008,2540.6772151898736], [2009,1092.1923076923076]]},
"NOVI SAD RB": {
 label: "NOVI SAD RB",
 data: [[1959,615.0], [1948,0.0], [1949,552.0], [1950,518.0], [1951,481.0], [1952,665.0], [1953,582.0], [1954,753.0], [1955,912.0], [1956,683.0], [1957,568.0], [1958,551.0], [1960,625.0], [1961,393.0], [1962,451.0], [1963,514.0], [1964,668.0], [1965,637.0], [1966,653.0], [1967,712.0], [1968,513.0], [1969,689.0], [1970,695.0], [1971,376.0], [1972,701.0], [1973,467.0], [1974,576.0], [1975,554.0], [1976,598.0], [1977,738.0], [1978,621.0], [1979,558.0], [1980,598.0], [1981,831.0], [1982,534.0], [1983,479.0], [1984,602.0], [1985,588.0], [1986,477.0], [1987,694.0], [1988,470.0], [1989,507.0], [1990,451.0], [1991,762.0], [1992,534.0], [1993,473.0], [1994,579.0], [1995,680.0], [1996,804.0], [1997,762.0], [1998,755.0], [1999,938.0], [2000,287.0], [2001,998.0], [2002,489.0], [2003,501.0], [2004,835.0], [2005,735.0], [2006,641.0], [2007,799.0], [2008,527.0], [2009,638.3489010989011]]},
"SELIATYN UP": {
 label: "SELIATYN UP",
 data: [[2004,993.1842105263157], [2012,3796.0], [2009,784.75], [2008,1982.8932584269664], [2007,1471.4593023255816], [2006,2343.9083333333333], [2005,1337.4150943396226], [2003,1300.4814814814813], [2002,1753.7718446601943], [2001,1772.721354166667], [2000,1326.4999999999998], [1998,1095.0], [1997,1484.3333333333333], [1996,1496.4999999999998], [1995,2572.2894736842104], [1993,182.5], [1990,611.0], [1989,806.2784431137725], [1988,888.0], [1987,668.0], [1986,671.0], [1985,725.0], [1984,810.0], [1983,720.3947368421052], [1982,709.0], [1981,1124.2861356932153], [1980,978.0], [1979,801.0], [1978,1059.3716417910448], [1977,981.3873239436621], [1976,981.5717488789237], [1975,847.0], [1974,921.8255494505496], [1973,921.0], [1972,819.0], [1971,908.6578947368421], [1970,1154.6634615384614], [1969,932.956043956044], [1968,738.0], [1967,834.9501385041551], [1966,722.0], [1965,672.0783475783476], [1964,847.7485875706215], [1963,681.1966292134832], [1962,837.7619047619047], [1961,604.8571428571429], [1960,681.9143258426966], [1959,773.2930555555555], [1958,732.6508379888268], [1957,589.7631578947369], [1956,629.0131195335277], [1955,1060.8687315634218], [1954,717.9681440443212], [1953,651.8309248554913], [1952,689.066384180791], [1951,877.1438746438747], [1950,570.0655270655271], [1949,810.383190883191], [1948,760.6722689075631], [1947,806.1196581196582], [1946,519.867231638418], [1945,634.3629807692308], [1941,702.3103448275863]]},
"UZHHOROD UP": {
 label: "UZHHOROD UP",
 data: [[1988,777.0], [1986,572.0], [1985,844.0], [1984,780.0], [1983,714.0], [1982,711.0], [1981,802.0], [1980,1133.0], [1979,788.0], [1978,795.0], [1977,834.0], [1976,835.0], [1975,913.0], [1974,1038.0], [1973,557.0], [1972,609.0], [1971,568.0], [1970,869.0], [1969,541.0], [1968,724.0], [1967,709.0], [1966,874.0], [1965,800.0], [1964,648.0], [1963,541.0], [1962,618.0], [1961,415.0], [1960,923.0], [1959,563.0], [1958,725.0], [1957,615.0], [1956,452.0], [1955,989.0], [1954,614.0], [1953,592.0], [1952,821.0], [1951,744.0], [1950,676.0], [1949,785.0], [1948,793.0], [1947,605.0], [1946,426.3795918367347], [1996,671.0], [1997,783.0], [1998,1010.0], [1999,804.0], [2000,669.0], [2001,825.0], [2002,673.0], [2003,595.0], [2004,732.0], [2005,857.0], [2006,1156.225806451613], [2007,833.5489130434783], [2008,1335.7359550561798], [2009,1779.278947368421], [2010,2510.3888888888887], [2011,2026.2062500000002], [2012,2210.049295774648], [2013,1946.9255319148936], [2014,1374.1176470588234], [1987,694.0], [1995,984.343891402715], [1994,743.0], [1993,640.9730878186969], [1992,620.0], [1991,679.0], [1990,686.0], [1989,814.0]]},
"YAREMCHA UP": {
 label: "YAREMCHA UP",
 data: [[1949,907.3458213256483], [1950,716.085635359116], [1951,853.6160220994475], [1952,739.2008310249308], [1953,906.3826815642458], [1954,823.3227146814405], [1955,1415.8048433048432], [1956,753.2080924855491], [1957,805.1470588235295], [1958,832.9748603351954], [1959,852.5577464788732], [1947,824.6371191135734], [1960,883.4682997118156], [1961,563.1723163841807], [1962,872.4643874643875], [1963,657.0], [1946,651.1076233183857], [1964,1059.1203966005664], [1965,853.5070028011203], [1976,452.360655737705], [1977,1131.5], [1978,1123.4555921052631], [1979,862.0], [1980,1231.0], [1981,1038.6107784431138], [1982,940.0], [1983,843.6402985074626], [1984,915.0], [1985,909.0], [1986,762.0], [1987,740.0], [1988,1042.0], [1989,935.5583832335329], [1990,689.0], [2000,1496.0197368421052], [2001,2662.2316384180795], [2002,2340.412087912088], [2003,1936.0674846625766], [2004,1213.40243902439], [2005,1684.494623655914], [2006,1956.0523809523809], [2007,1641.5135135135135], [2008,2495.6875], [1948,891.7152777777777], [2009,1123.258064516129]]},
"BAIA MARE RO": {
 label: "BAIA MARE RO",
 data: [[1961,606.0], [1962,884.0], [1963,728.0], [1964,902.0], [1965,932.0], [1966,1099.0], [1967,846.0], [1968,834.0], [1969,795.0], [1970,1168.0], [1971,703.0], [1972,648.0], [1973,688.0], [1974,1059.0], [1975,756.0], [1976,709.0], [1977,979.0], [1978,942.0], [1979,917.0], [1980,962.0], [1981,931.0], [1982,749.0], [1983,656.0], [1984,947.0], [1985,988.0], [1986,840.0], [1987,867.0], [1988,915.0], [1989,805.0], [1990,734.0], [1991,864.0], [1992,962.0], [1993,893.0], [1994,883.0], [1995,961.0], [1996,825.0], [1997,951.0], [1998,1146.0], [1999,934.0], [2000,886.0]]},
"DROHOBYCH UP": {
 label: "DROHOBYCH UP",
 data: [[1986,568.0], [1941,915.2689655172414], [1944,780.7439024390244], [1945,761.5085470085471], [1946,643.2848484848485], [1947,766.297783933518], [1948,872.1685082872928], [1949,519.9490358126722], [1950,535.3673184357541], [1951,602.3502747252747], [1952,751.6371191135734], [1953,773.2369146005509], [1954,548.5195530726257], [1955,996.3788300835655], [1956,583.0], [1957,565.1969696969696], [1958,801.5961538461537], [1959,519.8422535211268], [1960,785.3387096774193], [1961,436.97183098591546], [1962,848.6507042253522], [1963,613.1787790697674], [1964,748.3051359516617], [1965,814.0951704545455], [1966,982.9792817679559], [1967,652.9668508287293], [1968,774.0], [1969,884.5233516483515], [1970,978.0], [1971,641.657967032967], [1972,698.8587257617728], [1973,679.9256198347107], [1974,872.2898351648352], [1975,804.0], [1976,593.3127572016461], [1977,608.0], [1978,736.2665662650603], [1979,635.0], [1980,1094.0], [1981,837.0], [1982,532.0], [1983,570.4895522388059], [1984,643.0], [1985,764.0], [1987,665.0], [1988,784.0], [1989,818.0], [1990,628.0], [1993,0.0], [1995,882.0833333333335], [1996,6387.5], [1997,930.7499999999999], [1998,730.0], [2000,1201.6524822695037], [2001,1709.4481865284974], [2002,1551.6647727272727], [2003,1266.3011363636365], [2004,893.7739130434783], [2005,1013.2552083333335], [2006,1681.2217391304346], [2007,1041.9533333333334], [2008,1971.0000000000002], [2009,1014.1081081081081], [2012,748.2499999999999]]},
"HURBANOVO LO": {
 label: "HURBANOVO LO",
 data: [[1951,621.9077134986226], [1952,536.0], [1953,521.0], [1954,582.0], [1955,559.0], [1956,469.0], [1957,663.0], [1958,584.0], [1959,529.0], [1960,596.0], [1961,547.0], [1962,491.0], [1963,583.0], [1964,520.0], [1965,826.0], [1966,736.0], [1967,409.0], [1968,484.0], [1969,460.0], [1970,497.0], [1971,411.0], [1972,600.0], [1973,458.0], [1974,597.0], [1975,482.0], [1976,536.0], [1977,481.0], [1978,432.0], [1979,523.0], [1980,642.0], [1981,525.0], [1982,399.0], [1983,433.0], [1984,558.0], [1985,544.0], [1986,460.0], [1987,581.0], [1988,591.0], [1989,449.0], [1990,423.0], [1991,482.0], [1992,539.0], [1993,503.0], [1994,572.0], [1995,655.0], [1996,600.0], [1997,481.0], [1998,618.0], [1999,653.0], [2000,442.0], [2001,509.0], [2002,628.0], [2003,332.0], [2004,610.0], [2005,623.0], [2006,527.0], [2007,571.0], [2008,538.0], [2009,574.0]]},
"CARANSEBES RO": {
 label: "CARANSEBES RO",
 data: [[1961,499.0], [1962,565.0], [1963,700.0], [1964,808.0], [1965,710.0], [1966,1055.0], [1967,805.0], [1968,999.0], [1969,851.0], [1970,814.0], [1971,674.0], [1972,810.0], [1973,641.0], [1974,870.0], [1975,756.0], [1976,819.0], [1977,879.0], [1978,865.0], [1979,824.0], [1980,1022.0], [1981,943.0], [1982,602.0], [1983,633.0], [1984,642.0], [1985,739.0], [1986,687.0], [1987,724.0], [1988,609.0], [1989,822.0], [1990,634.0], [1991,720.0], [1992,686.0], [1993,660.0], [1994,605.0], [1995,834.0], [1996,866.0], [1997,815.0], [1998,755.0], [1999,778.0], [2000,420.0], [2001,966.0], [2002,607.0], [2003,591.0], [2004,741.0], [2005,1199.0], [2006,530.0], [2007,454.0], [2008,344.0], [2009,574.0]]},
"VARFU OMUL RO": {
 label: "VARFU OMUL RO",
 data: [[1964,1058.0], [1952,2430.2916666666665], [1953,4386.083333333334], [1954,2966.2333333333336], [1955,2728.689655172414], [1956,2502.277777777778], [1957,2633.2142857142853], [1958,3573.1979166666665], [1959,3266.2430555555557], [1960,3796.9864864864867], [1961,1269.0], [1962,1325.0], [1963,1021.0], [1965,1009.0], [1966,1652.0], [1967,1154.0], [1968,1302.0], [1969,1420.0], [1970,1596.0], [1971,1367.0], [1972,1372.0], [1973,1576.0], [1974,1269.0], [1975,1196.0], [1976,1293.0], [1977,1470.0], [1978,1123.0], [1979,1039.0], [1980,884.0], [1981,980.0], [1982,677.0], [1983,739.0], [1984,584.0], [1985,405.0], [1986,636.0], [1987,520.0], [1988,652.0], [1989,509.0], [1990,476.0], [1991,1020.0], [1992,653.0], [1993,835.0], [1994,960.0], [1995,1079.0], [1996,814.0], [1997,943.0], [1998,825.0], [1999,846.0], [2000,439.0], [2001,937.0], [2002,711.0], [2003,686.0], [2004,818.0], [2005,1021.0], [2006,750.0], [2007,875.0], [2008,1088.0], [2009,1100.0], [2010,1365.0398351648353], [2011,693.0], [2012,947.0], [2013,999.0], [2014,515.0555555555555]]},
"CLUJ NAPOCA RO": {
 label: "CLUJ NAPOCA RO",
 data: [[1924,575.0], [1925,731.0], [1926,624.0], [1927,522.0], [1928,567.0], [1929,521.0], [1930,637.0], [1931,588.0], [1932,684.0], [1933,644.0], [1934,426.0], [1935,382.0], [1936,396.0], [1937,474.0], [1938,243.0], [1939,567.0], [1940,611.0], [1941,889.0], [1942,540.0], [1943,504.0], [1944,718.0], [1945,628.0], [1923,360.0], [1946,689.0], [1947,547.0], [1948,474.0], [1949,412.0], [1950,376.0], [1951,466.0], [1952,416.0], [1953,668.0], [1954,554.0], [1955,576.0], [1956,469.0], [1957,560.0], [1958,484.0], [1959,553.0], [1960,673.0], [1961,352.0], [1962,556.0], [1963,497.0], [1964,531.0], [1965,449.0], [1966,589.0], [1967,530.0], [1968,657.0], [1969,725.0], [1970,848.0], [1971,525.0], [1972,641.0], [1973,489.0], [1974,677.0], [1975,490.0], [1976,516.0], [1977,478.0], [1978,659.0], [1979,531.0], [1980,748.0], [1981,593.0], [1982,517.0], [1983,339.0], [1984,640.0], [1985,573.0], [1986,417.0], [1987,578.0], [1988,506.0], [1989,644.0], [1990,385.0], [1991,647.0], [1992,514.0], [1993,566.0], [1994,516.0], [1995,556.0], [1996,590.0], [1997,730.0], [1998,687.0], [1999,707.0], [2000,398.0], [2001,819.0], [2002,468.0], [2003,402.0], [2004,640.0], [2005,788.0], [2006,698.0], [2007,806.0], [2008,675.0], [2009,593.0]]},
"PECS POGANY HU": {
 label: "PECS POGANY HU",
 data: [[1995,849.3492063492063], [1973,540.4638554216867], [1974,857.074074074074], [1975,578.0215517241379], [1976,592.5579096045199], [1977,585.351851851852], [1978,514.78674351585], [1979,636.4943820224719], [1980,723.0918079096045], [1981,655.4791666666666], [1982,503.02521008403363], [1983,317.5244755244756], [1984,554.5860805860806], [1985,504.8044280442804], [1986,356.81178707224336], [1987,669.2554744525547], [1988,443.3759689922481], [1989,619.9427480916031], [1990,397.1672661870504], [1991,548.9815498154982], [1992,1485.5718562874251], [1993,918.1245901639344], [1994,879.752336448598], [1996,712.9744408945686], [1997,503.63198757763973], [1998,802.1338983050847], [1999,834.8480392156862], [2000,1827.105769230769], [2001,2519.8518518518517], [2002,1068.0335820895523], [2003,432.31340579710144], [2004,723.3745874587459], [2005,932.1205533596839], [2006,1216.91], [2007,1337.8827160493827], [2008,1218.6677631578948], [2009,1002.1728395061729], [2010,1814.1927374301677], [2011,1177.0442477876106], [2012,1249.5324675324675], [2013,1303.3628571428574], [2014,384.55357142857144]]},
"OCNA SUGATAG RO": {
 label: "OCNA SUGATAG RO",
 data: [[1961,552.0], [1962,804.0], [1963,692.0], [1964,839.0], [1965,748.0], [1966,724.0], [1967,702.0], [1968,787.0], [1969,575.0], [1970,885.0], [1971,604.0], [1972,651.0], [1973,646.0], [1974,845.0], [1975,578.0], [1976,628.0], [1977,767.0], [1978,833.0], [1979,770.0], [1980,934.0], [1981,792.0], [1982,775.0], [1983,578.0], [1984,628.0], [1985,773.0], [1986,701.0], [1987,654.0], [1988,819.0], [1989,698.0], [1990,653.0], [1991,559.0], [1992,614.0], [1993,697.0], [1994,692.0], [1995,787.0], [1996,718.0], [1997,790.0], [1998,948.0], [1999,908.8980263157895], [2001,980.0], [2002,800.0], [2003,587.0], [2004,982.0], [2005,907.0], [2006,824.0], [2007,895.0], [2008,976.0], [2009,775.0]]},
"POGEGEVSKAYA UP": {
 label: "POGEGEVSKAYA UP",
 data: [[1959,1166.8097826086955], [1960,1490.0], [1961,1142.0], [1962,1796.4217032967033], [1963,1366.0], [1964,1620.0], [1965,1606.0], [1966,1685.6546961325967], [1967,1521.9888268156426], [1968,1571.0], [1969,1383.0348189415042], [1970,1813.6829608938547], [1971,1223.8116343490303], [1972,1103.5704419889503], [1973,1378.741620111732], [1974,1530.6936813186815], [1975,1469.2611940298507], [1976,1131.5], [1977,1692.6601796407185], [1978,1805.3092105263158], [1979,1312.0], [1980,1571.0], [1981,1546.4416167664672], [1982,1266.0], [1983,979.2565789473684], [1984,1318.0], [1985,1374.0], [1986,1224.0], [1987,1136.0], [1988,1298.0], [1989,1185.2664670658683], [1990,1046.6976047904193], [2000,3018.2913385826773], [2001,3670.121794871795], [2002,3459.5287356321837], [2003,2654.4563758389263], [2004,2678.728813559322], [2005,2021.0904255319151], [2006,2515.668103448276], [2007,2769.8417721518986], [2008,3541.9220779220773], [2009,1971.0000000000002]]},
"POPRAD TATRY LO": {
 label: "POPRAD TATRY LO",
 data: [[1968,630.0], [1951,602.0], [1952,595.0], [1953,459.0], [1954,563.0], [1955,608.0], [1956,514.0], [1957,547.0], [1958,715.0], [1959,495.0], [1960,805.0], [1961,484.0], [1962,633.0], [1963,479.0], [1964,558.0], [1965,691.0], [1966,679.0], [1967,484.0], [1969,512.0], [1970,779.0], [1971,474.0], [1972,707.0], [1973,555.0], [1974,751.0], [1975,603.0], [1976,563.0], [1977,564.0], [1978,509.0], [1979,623.0], [1980,603.0], [1981,532.0], [1982,436.0], [1983,519.0], [1984,585.0], [1985,648.0], [1986,413.0], [1987,555.0], [1988,515.0], [1989,639.0], [1990,637.0], [1991,565.0], [1992,520.0], [1993,527.0], [1994,567.0], [1995,620.0], [1996,722.0], [1997,533.0], [1998,544.0], [1999,611.0], [2000,619.0], [2001,736.0], [2002,669.0], [2003,420.0], [2004,716.0], [2005,669.0], [2006,448.0], [2007,810.0], [2008,567.0], [2009,670.0], [2010,954.8159340659341], [2011,447.57872928176795], [2012,499.0], [2013,623.0], [2014,247.3888888888889]]},
"CEAHLAU TOACA RO": {
 label: "CEAHLAU TOACA RO",
 data: [[2008,771.0], [2006,635.0], [2007,780.0], [2009,695.0]]},
"NIGNIE VOROTA UP": {
 label: "NIGNIE VOROTA UP",
 data: [[1982,1039.0], [1966,1174.4888888888888], [1967,1009.0645604395604], [1968,1109.0], [1969,1038.0], [1970,1270.0], [1971,934.760989010989], [1972,834.0], [1973,933.0], [1974,1368.3980716253445], [1975,1033.0], [1976,866.4262295081967], [1977,1181.0], [1978,1189.9720394736842], [1979,1177.0], [1980,1302.0], [1981,1078.0], [1983,946.276119402985], [1984,984.0], [1985,1150.0], [1986,864.0], [1987,909.0], [1988,1088.0], [1989,825.8398203592814], [1990,950.0], [2000,1790.5277777777778], [2001,2426.044811320755], [2002,2138.8284313725494], [2003,1871.8058823529411], [2004,1529.9583333333333], [2005,1848.0339805825245], [2006,1643.6317829457366], [2007,1474.1944444444443], [2008,1835.4285714285713], [2009,1203.3939393939393]]},
"ORAVSKA LESNA LO": {
 label: "ORAVSKA LESNA LO",
 data: [[1961,985.0], [1951,1018.9834710743802], [1952,1257.0], [1953,903.0], [1954,823.0], [1955,1085.0], [1956,1069.0], [1957,970.0], [1958,1388.0], [1959,868.0], [1960,1063.0], [1962,1060.0], [1963,913.0], [1964,1143.0], [1965,1317.0], [1966,1337.0], [1967,1313.0], [1968,1134.0], [1969,958.0], [1970,1401.0], [1971,985.0], [1972,930.0], [1973,888.0], [1974,1463.0], [1975,943.0], [1976,1114.0], [1977,1119.0], [1978,1065.0], [1979,1050.0], [1980,1050.0], [1981,1268.0], [1982,940.0], [1983,1030.0], [1984,1051.0], [1985,1234.0], [1986,1069.0], [1987,1058.0], [1988,1051.0], [1989,897.0], [1990,1106.0], [1991,986.0], [1992,978.0], [1993,985.0], [1994,1328.0], [1995,1225.0], [1996,1099.0], [1997,1216.0], [1998,1305.0], [1999,1158.0], [2000,1413.0], [2001,1385.0], [2002,1333.0], [2003,951.0], [2004,1254.0], [2005,1342.0], [2006,1027.0], [2007,1335.0], [2008,1109.0], [2009,1162.0]]},
"MIERCUREA CIUC RO": {
 label: "MIERCUREA CIUC RO",
 data: [[1979,677.0], [1961,488.0], [1962,559.0], [1963,452.0], [1964,599.0], [1965,522.0], [1966,568.0], [1967,545.0], [1968,593.0], [1969,650.0], [1970,764.0], [1971,601.0], [1972,675.0], [1973,529.0], [1974,598.0], [1975,622.0], [1976,554.0], [1977,495.0], [1978,609.0], [1980,666.0], [1981,646.0], [1982,537.0], [1983,481.0], [1984,666.0], [1985,560.0], [1986,421.0], [1987,417.0], [1988,533.0], [1989,470.0], [1990,457.0], [1991,609.0], [1992,488.0], [1993,665.0], [1994,423.0], [1995,667.0], [1996,561.0], [1997,613.0], [1998,530.0], [1999,588.0], [2000,406.0], [2001,726.0], [2002,635.0], [2003,418.0], [2004,604.0], [2005,768.0], [2006,594.0], [2007,666.0], [2008,667.0], [2009,589.0]]},
"RAMNICU VALCEA RO": {
 label: "RAMNICU VALCEA RO",
 data: [[1961,539.0], [1962,632.0], [1963,640.0], [1964,656.0], [1965,591.0], [1966,904.0], [1967,837.0], [1968,689.0], [1969,747.0], [1970,857.0], [1971,774.0], [1972,898.0], [1973,736.0], [1974,761.0], [1975,867.0], [1976,755.0], [1977,619.0], [1978,684.0], [1979,918.0], [1980,765.0], [1981,797.0], [1982,566.0], [1983,535.0], [1984,758.0], [1985,530.0], [1986,530.0], [1987,674.0], [1988,748.0], [1989,495.0], [1990,440.0], [1991,765.0], [1992,496.0], [1993,537.0], [1994,497.0], [1995,715.0], [1996,584.0], [1997,766.0], [1998,827.0], [1999,870.0], [2000,350.0], [2001,722.0], [2002,718.0], [2003,748.0], [2004,756.0], [2005,1085.0], [2006,728.0], [2007,808.0], [2008,493.0], [2009,742.0]]},
"VELIKI DOLENCI SI": {
 label: "VELIKI DOLENCI SI",
 data: [[1977,73.0], [1978,621.0], [1979,882.0], [1980,699.0], [1981,748.0], [1982,855.0], [1983,633.0], [1984,682.0], [1985,798.0], [1986,708.0], [1987,862.0], [1988,766.0], [1989,783.0], [1990,743.0], [1991,798.0], [1992,632.0], [1993,567.0], [1994,746.0], [1995,775.0], [1996,881.0], [1997,621.0], [1998,865.0], [1999,693.0], [2000,554.0], [2001,542.0], [2002,635.0], [2003,503.0], [2004,723.0], [2005,793.0], [2006,728.0], [2007,780.0], [2008,696.0], [2009,802.0], [2010,780.0], [2011,613.0], [2012,672.1107871720117], [2013,950.0960960960961]]},
"NIGNIY STUDENIY UP": {
 label: "NIGNIY STUDENIY UP",
 data: [[1964,1023.6222222222223], [1936,979.5533707865168], [1937,1056.3767313019391], [1938,1025.9651810584958], [1946,693.5], [1947,998.0], [1948,951.1591549295773], [1949,961.7801120448179], [1950,898.8626373626374], [1951,877.7284122562673], [1952,1027.361581920904], [1953,887.7875354107649], [1954,696.1296829971182], [1955,1256.4383753501402], [1956,850.5014084507043], [1957,900.6090651558073], [1958,1066.4083333333333], [1959,794.027932960894], [1960,978.461432506887], [1961,677.7988826815644], [1962,944.9094827586206], [1963,699.2254901960783], [1965,1194.8947368421052], [1966,1138.3828571428571], [1967,964.1243093922651], [1968,1149.0], [1969,1035.5743801652893], [1970,1270.7815934065934], [1971,1108.3093922651933], [1972,909.4327731092437], [1973,950.5598290598291], [1974,1353.3870056497174], [1975,996.7541666666667], [1976,940.0245901639344], [1977,1221.875748502994], [1978,1230.1940789473686], [1979,983.0], [1980,1459.0], [1981,1044.5119760479042], [1982,1090.0], [1983,953.3223684210526], [1984,999.0], [1985,1161.0], [1986,918.0], [1987,1008.0], [1988,1288.2901459854015], [2000,1690.0606060606062], [2001,2062.125850340136], [2002,1608.772151898734], [2003,1513.8259493670887], [2004,1274.9923664122136], [2005,1466.7831858407078], [2006,1869.0807692307692], [2007,1086.4336734693877], [2008,1855.3433734939758], [2009,1110.2083333333335]]},
"VELIKIY BEREZNY UP": {
 label: "VELIKIY BEREZNY UP",
 data: [[1947,804.7076023391813], [1948,821.5453074433657], [1949,759.9161392405064], [1950,844.7292263610316], [1951,770.7879656160459], [1952,996.6712121212121], [1953,616.3166189111747], [1954,695.889880952381], [1955,916.2835365853659], [1956,767.9466463414634], [1957,771.3053221288516], [1958,856.5707692307691], [1959,629.1123595505619], [1960,777.6557863501484], [1961,532.0744047619047], [1962,565.1471471471472], [1963,644.2457386363636], [1964,883.8137829912023], [1965,1020.1492957746478], [1966,1024.2060439560441], [1967,965.5453296703297], [1968,969.1552197802198], [1969,896.2107438016529], [1970,1123.0], [1971,726.6909340659341], [1972,700.8203342618384], [1973,759.5619834710744], [1974,1091.5238095238096], [1976,1104.5737704918033], [1977,829.8352112676057], [1978,947.044642857143], [1979,816.0], [1980,1165.0], [1981,894.0], [1982,822.0], [1983,770.7492537313433], [1984,812.0], [1985,1111.0], [1986,725.0], [1987,847.0], [1988,985.0], [1989,740.5372023809524], [1990,958.0], [1991,853.1875], [1994,3248.5], [1995,1491.4305555555557], [1996,1925.3750000000002], [1997,1484.3333333333333], [1998,3248.5], [2000,1729.057142857143], [1946,475.23], [2001,1697.6555555555558], [2002,1908.784090909091], [2003,1501.7483660130717], [2004,1364.224], [2005,1921.664835164835], [2006,1463.9541666666667], [2007,1136.6474358974358], [2008,1546.1399999999999], [2009,1281.9242424242427]]},
"BELGRADE OBSERVATORY RB": {
 label: "BELGRADE OBSERVATORY RB",
 data: [[1985,693.0], [1935,0.0], [1936,656.0], [1937,984.0], [1938,674.0], [1939,779.0], [1940,818.0], [1941,857.0], [1942,722.0], [1943,542.0], [1944,729.0], [1945,602.0], [1946,637.0], [1947,569.0], [1948,679.0], [1949,799.0], [1950,493.0], [1951,707.0], [1952,754.0], [1953,696.0], [1954,926.0], [1955,877.0], [1956,719.0], [1957,604.0], [1958,603.0], [1959,599.0], [1960,593.0], [1961,465.0], [1962,571.0], [1963,538.0], [1964,712.0], [1965,665.0], [1966,692.0], [1967,732.0], [1968,668.0], [1969,801.0], [1970,822.0], [1971,683.0], [1972,721.0], [1973,550.0], [1974,907.0], [1975,741.0], [1976,613.0], [1977,790.0], [1978,810.0], [1979,698.0], [1980,885.0], [1981,850.0], [1982,694.0], [1983,511.0], [1984,604.0], [1986,625.0], [1987,818.0], [1988,530.0], [1989,636.0], [1990,491.0], [1991,728.0], [1992,589.0], [1993,539.0], [1994,680.0], [1995,697.0], [1996,789.0], [1997,743.0], [1998,584.0], [1999,1051.0], [2000,367.0], [2001,898.0], [2002,597.0], [2003,539.0], [2004,832.0], [2005,788.0], [2006,749.0], [2007,839.0], [2008,586.0], [2009,806.6098901098902]]},
"DROBETA TURNU SEVERIN RO": {
 label: "DROBETA TURNU SEVERIN RO",
 data: [[1925,536.0], [1926,614.0], [1927,568.0], [1928,484.0], [1929,663.0], [1930,461.0], [1931,614.0], [1932,455.0], [1933,512.0], [1934,354.0], [1935,498.0], [1936,628.0], [1937,1083.0], [1938,541.0], [1939,910.0], [1940,699.0], [1941,932.0], [1942,655.0], [1943,623.0], [1944,1216.0], [1945,698.0], [1946,654.0], [1947,618.0], [1948,365.0], [1949,678.0], [1950,568.0], [1951,850.0], [1952,671.0], [1953,695.0], [1954,840.0], [1955,693.0], [1956,603.0], [1957,841.0], [1958,638.0], [1959,904.0], [1960,796.0], [1961,861.0], [1962,612.0], [1963,719.0], [1964,579.0], [1965,536.0], [1966,887.0], [1967,623.0], [1968,772.0], [1969,1008.0], [1970,655.0], [1971,735.0], [1972,824.0], [1973,558.0], [1974,702.0], [1975,763.0], [1976,893.0], [1977,527.0], [1978,637.0], [1979,800.0], [1980,707.0], [1981,758.0], [1982,759.0], [2002,677.0], [2003,672.0], [2004,700.0], [2005,846.0], [2006,714.0], [2007,740.0], [1983,415.0], [2008,640.0], [2009,728.0], [1984,669.0], [1985,648.0], [1986,556.0], [1987,612.0], [1988,545.0], [1989,567.0], [1990,580.0], [1991,675.0], [1992,418.0], [1993,510.0], [1994,573.0], [1995,591.0], [1996,580.0], [1997,578.0], [1998,680.0], [1999,978.0], [2000,285.0], [2001,501.0]]},
"MURSKA SOBOTA RAKICAN SI": {
 label: "MURSKA SOBOTA RAKICAN SI",
 data: [[1963,831.0], [1964,866.0], [1965,1063.0], [1966,969.0], [1967,729.0], [1968,612.0], [1969,794.0], [1970,755.3695054945056], [1971,0.0], [1972,1033.0], [1973,819.0], [1974,901.0], [1975,804.0], [1976,750.0], [1977,719.0], [1978,674.0], [1979,912.0], [1980,862.0], [1981,767.0], [1982,863.0], [1983,634.0], [1984,740.0], [1985,1715.5], [1986,782.0], [1987,981.0], [1988,721.0], [1989,775.0], [1990,901.0], [1991,802.0], [1992,688.0], [1993,677.0], [1994,989.0], [1995,940.0], [1996,1011.0], [1997,689.0], [1998,839.0], [1999,772.0], [2000,650.0], [2001,643.0], [2002,765.0], [2003,531.0], [2004,782.0], [2005,868.0], [2006,852.0], [2007,817.0], [2008,709.0], [2009,989.0], [2010,876.0], [2011,691.0], [2012,846.844512195122], [2013,917.0123626373626], [1960,0.0], [1961,785.0], [1962,931.0]]}